10                   0.000065840          5.84                 10                   5                   
11                   0.000026930          6.76                 9                    6                   
12                   0.000040620          6.95                 12                   6                   
13                   0.000035480          7.86                 12                   7                   
14                   0.000035980          7.83                 11                   7                   
15                   0.000038470          8.88                 12                   8                   
16                   0.000040700          8.88                 12                   8                   
17                   0.000043890          10.00                14                   9                   
18                   0.000046850          9.94                 14                   9                   
19                   0.000050040          10.91                15                   10                  
20                   0.000052450          11.05                15                   10                  
21                   0.000055420          11.97                16                   11                  
22                   0.000058610          11.98                17                   11                  
23                   0.000062970          12.88                18                   12                  
24                   0.000063700          13.00                17                   12                  
25                   0.000067770          13.83                17                   13                  
26                   0.000069770          13.96                17                   13                  
27                   0.000072630          14.57                17                   14                  
28                   0.000075710          14.92                19                   14                  
29                   0.000078650          15.65                19                   15                  
30                   0.000091740          16.02                21                   15                  
31                   0.000084440          16.70                20                   16                  
32                   0.000087810          17.01                23                   16                  
33                   0.000091180          17.85                23                   17                  
34                   0.000095350          18.16                23                   17                  
35                   0.000096370          19.01                23                   18                  
36                   0.000099870          18.96                24                   18                  
37                   0.000102370          20.09                25                   19                  
38                   0.000106380          19.99                26                   19                  
39                   0.000108280          21.01                24                   20                  
40                   0.000114440          20.84                24                   20                  
41                   0.000122870          22.07                29                   21                  
42                   0.000117270          21.77                31                   21                  
43                   0.000120340          22.95                27                   22                  
44                   0.000123660          22.87                29                   22                  
45                   0.000127280          23.97                30                   23                  
46                   0.000129830          23.82                29                   23                  
47                   0.000133610          24.97                28                   24                  
48                   0.000137500          24.89                29                   24                  
49                   0.000138080          26.05                33                   25                  
50                   0.000141400          25.83                30                   25                  
51                   0.000144040          26.84                31                   26                  
52                   0.000147430          26.87                31                   26                  
53                   0.000151550          28.34                34                   27                  
54                   0.000154230          28.10                37                   27                  
55                   0.000157300          28.58                31                   28                  
56                   0.000163170          28.80                35                   28                  
57                   0.000171090          29.73                34                   29                  
58                   0.000165020          29.80                37                   29                  
59                   0.000167330          31.14                37                   30                  
60                   0.000171410          31.04                36                   30                  
61                   0.000174590          31.85                38                   31                  
62                   0.000178080          31.99                37                   31                  
63                   0.000182070          32.82                37                   32                  
64                   0.000182050          32.93                36                   32                  
65                   0.000184940          33.73                38                   33                  
66                   0.000188520          34.28                40                   33                  
67                   0.000192950          34.77                39                   34                  
68                   0.000197470          34.87                38                   34                  
69                   0.000209260          35.86                40                   35                  
70                   0.000203450          35.83                40                   35                  
71                   0.000204600          36.94                42                   36                  
72                   0.000213280          36.84                42                   36                  
73                   0.000211360          38.05                44                   37                  
74                   0.000214850          37.93                42                   37                  
75                   0.000218400          38.95                45                   38                  
76                   0.000221460          38.79                44                   38                  
77                   0.000222750          39.91                46                   39                  
78                   0.000226060          39.87                43                   39                  
79                   0.000259890          41.09                45                   40                  
80                   0.000243890          40.79                46                   40                  
81                   0.000242000          42.07                46                   41                  
82                   0.000239150          42.15                47                   41                  
83                   0.000278720          43.04                47                   42                  
84                   0.000247380          43.18                48                   42                  
85                   0.000250240          43.85                48                   43                  
86                   0.000254390          44.15                50                   43                  
87                   0.000254600          44.99                50                   44                  
88                   0.000257550          45.05                51                   44                  
89                   0.000262680          46.23                53                   45                  
90                   0.000276320          46.09                55                   45                  
91                   0.000270540          46.88                52                   46                  
92                   0.000270740          46.82                53                   46                  
93                   0.000281110          48.05                52                   47                  
94                   0.000279910          47.90                54                   47                  
95                   0.000282310          49.41                57                   48                  
96                   0.000282450          49.06                53                   48                  
97                   0.000286030          50.25                57                   49                  
98                   0.000290440          49.89                53                   49                  
99                   0.000305120          51.04                57                   50                  
100                  0.000295360          51.00                56                   50                  
