10                   0.000065770          28.18                36                   20                  
11                   0.000021780          35.35                44                   26                  
12                   0.000022430          41.34                55                   32                  
13                   0.000038180          48.80                63                   36                  
14                   0.000027940          58.83                72                   42                  
15                   0.000028750          67.67                87                   49                  
16                   0.000031160          77.81                97                   59                  
17                   0.000033610          88.33                108                  67                  
18                   0.000034930          98.20                126                  75                  
19                   0.000036990          110.85               138                  88                  
20                   0.000039120          124.12               149                  97                  
21                   0.000044570          134.60               158                  107                 
22                   0.000043180          148.92               172                  121                 
23                   0.000044780          163.75               191                  135                 
24                   0.000047390          178.58               214                  150                 
25                   0.000050090          196.01               233                  155                 
26                   0.000051190          210.13               261                  170                 
27                   0.000054390          232.51               275                  193                 
28                   0.000056330          245.16               305                  207                 
29                   0.000057990          264.48               337                  217                 
30                   0.000059690          289.49               331                  239                 
31                   0.000060700          301.92               352                  243                 
32                   0.000063950          328.35               381                  282                 
33                   0.000065900          345.15               401                  283                 
34                   0.000067860          367.93               431                  318                 
35                   0.000069930          390.57               450                  310                 
36                   0.000073920          413.34               495                  342                 
37                   0.000076030          437.31               497                  374                 
38                   0.000076710          463.36               513                  378                 
39                   0.000078180          486.86               567                  427                 
40                   0.000080980          517.37               596                  449                 
41                   0.000083650          536.88               630                  450                 
42                   0.000085340          563.91               642                  481                 
43                   0.000087800          592.21               675                  508                 
44                   0.000094230          625.84               739                  524                 
45                   0.000093010          658.40               752                  589                 
46                   0.000092430          682.85               772                  569                 
47                   0.000094610          707.41               812                  633                 
48                   0.000098740          747.82               855                  666                 
49                   0.000100290          776.03               877                  682                 
50                   0.000101140          801.56               949                  712                 
51                   0.000105620          844.27               999                  729                 
52                   0.000107980          882.61               1014                 763                 
53                   0.000109020          915.83               1022                 726                 
54                   0.000111560          946.29               1082                 840                 
55                   0.000112920          979.32               1142                 888                 
56                   0.000114310          1021.07              1158                 891                 
57                   0.000117780          1058.52              1228                 897                 
58                   0.000118360          1088.41              1258                 951                 
59                   0.000120260          1128.20              1284                 1006                
60                   0.000127110          1174.84              1292                 1045                
61                   0.000125150          1209.94              1314                 1080                
62                   0.000128880          1258.13              1403                 1108                
63                   0.000129740          1288.91              1433                 1139                
64                   0.000133360          1327.48              1502                 1180                
65                   0.000138390          1368.29              1503                 1241                
66                   0.000135750          1413.12              1565                 1238                
67                   0.000139170          1468.13              1588                 1330                
68                   0.000140560          1508.33              1693                 1373                
69                   0.000144910          1552.68              1708                 1374                
70                   0.000145990          1587.70              1731                 1418                
71                   0.000149000          1649.63              1854                 1481                
72                   0.000150980          1694.06              1879                 1463                
73                   0.000153600          1736.57              1908                 1562                
74                   0.000156690          1793.43              1997                 1613                
75                   0.000155590          1840.04              2095                 1651                
76                   0.000158550          1886.27              2064                 1721                
77                   0.000161190          1926.23              2102                 1774                
78                   0.000197830          1980.42              2185                 1727                
79                   0.000171770          2020.88              2300                 1793                
80                   0.000169560          2097.00              2293                 1867                
81                   0.000173830          2148.29              2392                 1944                
82                   0.000172000          2180.73              2461                 1982                
83                   0.000175120          2248.22              2477                 1922                
84                   0.000177150          2320.47              2570                 2002                
85                   0.000179320          2363.55              2548                 2103                
86                   0.000181260          2419.53              2756                 2146                
87                   0.000191140          2473.23              2770                 2287                
88                   0.000186490          2537.86              2868                 2233                
89                   0.000187020          2592.07              2860                 2337                
90                   0.000189440          2660.36              2907                 2425                
91                   0.000193200          2726.60              2974                 2434                
92                   0.000194970          2773.88              3115                 2496                
93                   0.000196600          2837.54              3220                 2514                
94                   0.000201990          2897.78              3116                 2686                
95                   0.000199210          2955.73              3271                 2621                
96                   0.000204730          3033.12              3345                 2738                
97                   0.000205530          3070.04              3327                 2779                
98                   0.000208010          3161.48              3531                 2915                
99                   0.000210590          3199.18              3509                 2887                
100                  0.000213940          3291.07              3565                 2989                
