10                   0.000062870          28.32                38                   20                  
11                   0.000020660          35.12                46                   25                  
12                   0.000023190          42.99                54                   30                  
13                   0.000037960          50.39                65                   38                  
14                   0.000030460          58.67                73                   45                  
15                   0.000028370          66.63                84                   49                  
16                   0.000030870          76.49                97                   57                  
17                   0.000033610          89.17                113                  70                  
18                   0.000035370          99.90                126                  79                  
19                   0.000036660          109.93               134                  87                  
20                   0.000038700          122.47               145                  97                  
21                   0.000041770          135.59               159                  106                 
22                   0.000042800          148.14               176                  121                 
23                   0.000046070          166.30               200                  132                 
24                   0.000047990          182.40               213                  152                 
25                   0.000051940          196.05               239                  160                 
26                   0.000051380          214.07               258                  173                 
27                   0.000055000          230.39               279                  190                 
28                   0.000055400          246.77               303                  199                 
29                   0.000077020          264.17               308                  209                 
30                   0.000061520          280.96               335                  227                 
31                   0.000062170          299.70               349                  250                 
32                   0.000063840          327.81               383                  278                 
33                   0.000066540          349.09               411                  290                 
34                   0.000068180          367.65               433                  305                 
35                   0.000071230          393.79               458                  328                 
36                   0.000072940          414.39               464                  347                 
37                   0.000074710          438.18               494                  374                 
38                   0.000077320          467.24               540                  391                 
39                   0.000079680          487.16               568                  398                 
40                   0.000081460          513.52               579                  448                 
41                   0.000083930          544.68               646                  438                 
42                   0.000088290          567.70               682                  470                 
43                   0.000086370          593.98               667                  509                 
44                   0.000096440          620.06               705                  533                 
45                   0.000091630          652.74               756                  568                 
46                   0.000093720          679.00               796                  563                 
47                   0.000096970          717.34               814                  609                 
48                   0.000108570          743.17               820                  616                 
49                   0.000102670          777.62               860                  692                 
50                   0.000103670          804.65               940                  710                 
51                   0.000105530          838.69               945                  711                 
52                   0.000115090          874.05               984                  773                 
53                   0.000122720          915.49               1015                 814                 
54                   0.000115050          942.94               1068                 845                 
55                   0.000114040          973.64               1092                 833                 
56                   0.000118440          1026.55              1140                 902                 
57                   0.000119780          1050.85              1178                 922                 
58                   0.000119040          1096.03              1217                 936                 
59                   0.000121330          1124.61              1260                 993                 
60                   0.000126980          1180.53              1276                 1053                
61                   0.000128540          1204.69              1348                 1083                
62                   0.000128660          1248.12              1405                 1106                
63                   0.000133410          1302.24              1494                 1106                
64                   0.000134230          1325.77              1473                 1175                
65                   0.000135670          1384.23              1522                 1235                
66                   0.000137430          1422.45              1608                 1243                
67                   0.000139300          1467.22              1678                 1256                
68                   0.000178290          1514.14              1670                 1333                
69                   0.000144450          1552.44              1672                 1339                
70                   0.000147920          1606.11              1799                 1449                
71                   0.000149790          1648.19              1814                 1483                
72                   0.000153710          1683.06              1863                 1511                
73                   0.000155240          1746.01              1962                 1531                
74                   0.000157750          1806.69              1980                 1605                
75                   0.000156380          1838.92              1997                 1634                
76                   0.000160850          1879.69              2105                 1684                
77                   0.000162450          1939.92              2148                 1727                
78                   0.000167530          1988.58              2158                 1790                
79                   0.000167460          2039.25              2302                 1834                
80                   0.000176100          2105.68              2318                 1899                
81                   0.000176980          2144.50              2367                 1969                
82                   0.000172250          2199.72              2418                 1979                
83                   0.000175780          2244.50              2476                 2005                
84                   0.000177820          2314.16              2610                 2072                
85                   0.000183360          2360.56              2563                 2168                
86                   0.000183300          2416.86              2631                 2184                
87                   0.000187210          2491.39              2738                 2241                
88                   0.000186670          2527.33              2734                 2260                
89                   0.000188220          2605.71              2840                 2295                
90                   0.000191420          2673.15              2969                 2409                
91                   0.000194120          2719.92              2945                 2483                
92                   0.000201780          2767.20              3019                 2495                
93                   0.000205150          2839.00              3063                 2522                
94                   0.000202860          2913.21              3178                 2700                
95                   0.000199910          2937.79              3294                 2656                
96                   0.000203550          3020.41              3338                 2786                
97                   0.000206200          3080.22              3422                 2885                
98                   0.000210390          3155.02              3419                 2820                
99                   0.000217980          3220.85              3520                 2906                
100                  0.000216370          3274.76              3619                 2924                
