10                   0.000066340          28.60                39                   20                  
11                   0.000020790          34.56                48                   25                  
12                   0.000024140          42.43                55                   31                  
13                   0.000037590          50.81                64                   38                  
14                   0.000027800          57.81                73                   42                  
15                   0.000029390          67.23                81                   53                  
16                   0.000032030          78.57                103                  57                  
17                   0.000033220          87.18                109                  67                  
18                   0.000035520          100.04               124                  79                  
19                   0.000037370          109.99               139                  86                  
20                   0.000040210          124.05               149                  100                 
21                   0.000041960          135.84               166                  105                 
22                   0.000043340          150.95               181                  119                 
23                   0.000046330          164.81               204                  137                 
24                   0.000048420          180.96               226                  152                 
25                   0.000050490          195.95               241                  158                 
26                   0.000051580          213.05               247                  179                 
27                   0.000053430          226.14               271                  187                 
28                   0.000056870          248.53               295                  211                 
29                   0.000058270          265.47               305                  223                 
30                   0.000060770          286.06               331                  228                 
31                   0.000062430          306.19               364                  254                 
32                   0.000064430          323.01               379                  268                 
33                   0.000066930          348.08               388                  292                 
34                   0.000069030          370.82               433                  301                 
35                   0.000071060          396.66               466                  323                 
36                   0.000075030          411.60               472                  346                 
37                   0.000075350          443.47               497                  380                 
38                   0.000078250          466.80               543                  401                 
39                   0.000080090          484.95               542                  405                 
40                   0.000082190          508.25               582                  439                 
41                   0.000084020          544.04               609                  455                 
42                   0.000085660          562.70               638                  501                 
43                   0.000090050          596.79               681                  533                 
44                   0.000094290          630.33               727                  564                 
45                   0.000092920          658.93               777                  554                 
46                   0.000094620          686.40               759                  602                 
47                   0.000096890          708.50               825                  589                 
48                   0.000098230          745.11               841                  650                 
49                   0.000102230          772.13               886                  661                 
50                   0.000103580          805.30               918                  708                 
51                   0.000106680          841.92               954                  729                 
52                   0.000109270          878.18               987                  756                 
53                   0.000110750          906.61               1014                 797                 
54                   0.000112600          941.56               1052                 801                 
55                   0.000114720          981.79               1078                 849                 
56                   0.000115170          1022.82              1152                 904                 
57                   0.000118440          1056.75              1191                 950                 
58                   0.000122290          1095.20              1210                 980                 
59                   0.000127710          1134.96              1275                 1029                
60                   0.000127140          1177.78              1306                 1070                
61                   0.000128250          1211.14              1387                 1085                
62                   0.000129850          1248.29              1422                 1113                
63                   0.000132590          1296.51              1450                 1165                
64                   0.000136620          1334.31              1501                 1178                
65                   0.000135840          1364.21              1496                 1221                
66                   0.000137770          1418.96              1555                 1246                
67                   0.000139860          1465.24              1636                 1300                
68                   0.000142110          1503.58              1694                 1287                
69                   0.000145150          1553.83              1712                 1394                
70                   0.000148750          1601.84              1764                 1456                
71                   0.000150540          1633.68              1775                 1477                
72                   0.000153150          1693.76              1890                 1563                
73                   0.000155200          1744.51              1941                 1570                
74                   0.000156420          1778.12              1938                 1613                
75                   0.000160340          1849.98              2121                 1666                
76                   0.000160460          1888.97              2109                 1717                
77                   0.000162110          1951.06              2158                 1755                
78                   0.000166720          1975.86              2147                 1821                
79                   0.000168290          2039.91              2262                 1827                
80                   0.000171000          2090.24              2313                 1881                
81                   0.000176820          2145.70              2344                 1936                
82                   0.000173430          2209.31              2408                 1977                
83                   0.000189610          2237.27              2427                 2044                
84                   0.000178970          2330.12              2568                 2090                
85                   0.000181140          2382.33              2600                 2145                
86                   0.000183460          2413.85              2599                 2157                
87                   0.000186260          2470.71              2734                 2273                
88                   0.000186830          2536.57              2786                 2335                
89                   0.000188720          2607.52              2837                 2269                
90                   0.000192050          2660.39              2941                 2324                
91                   0.000195950          2715.52              2979                 2378                
92                   0.000197750          2766.71              2958                 2466                
93                   0.000201010          2860.80              3084                 2593                
94                   0.000205670          2907.31              3232                 2607                
95                   0.000201710          2954.57              3229                 2678                
96                   0.000206030          3036.54              3340                 2675                
97                   0.000206370          3082.88              3374                 2755                
98                   0.000210870          3158.50              3461                 2929                
99                   0.000213520          3223.34              3579                 2943                
100                  0.000215170          3278.87              3583                 2996                
